NN: 6.66134e-16
selfenergy: -0.000375006
Ewald : -66.0686
cellsize: 2

time: 76.000
in hours: 0.02
